[xbeta]
kb=9.000000
mode=TF
kp=123.123001
kd=0.000000
ki=0.000000
a0=1036.000000
a1=372.399994
a2=33.459999
b0=156.399994
b1=25.010000
b2=1.000000
[yalpha]
ka=12.100000
mode=TF
kp=0.000000
kd=0.000000
ki=0.000000
a0=0.375600
a1=3.756000
a2=9.389000
b0=0.000000
b1=0.000000
b2=1.000000
[r]
mode=TF
kp=0.000000
kd=0.000000
ki=0.000000
a0=1.529000
a1=15.290000
a2=0.000000
b0=0.000160
b1=1.000000
b2=0.000000
[trajectoire]
mode=0.000000
path=C:\Documents and Settings\grue\Bureau\traj\GEL401_Traj_valid_facile.bin
